limit:9, width:4, height:4
#1627000 elapsed:2:55:21.378000, candidates:7621, processed(normalized):1344427, avg:0:00:00.006466, lap avg:0:00:00.002153
('BBB.',
 '.BB.',
 '..B.',
 '.BBB')
('B...',
 'BB..',
 'B.B.',
 'BBBB')
('....',
 '.BBB',
 '..BB',
 'BBBB')
('....',
 '.BBB',
 '.BBB',
 '.BBB')
('....',
 'BBBB',
 '..BB',
 '.BBB')
('B...',
 '.BBB',
 '.BB.',
 '.BBB')
('B.B.',
 '.BB.',
 '.BB.',
 '.BBB')
('B...',
 '.BBB',
 '..B.',
 'BBBB')
('B.B.',
 '.BB.',
 '..B.',
 'BBBB')
('B...',
 '.BBB',
 '..BB',
 '.BBB')

limit:6, width:4, height:4
#90000 elapsed:0:05:11.874000, candidates:1457, processed(normalized):85970, avg:0:00:00.003465, lap avg:0:00:00.000749
score=3
('....',
 '.BBB',
 '.BB.',
 '.B..')(2, 2, 1)(2, 1, 1)(1, 2, 1)(3, 1, 2)(1, 1, 2)(1, 3, 2)
score=3
('..B.',
 '..B.',
 'BBBB',
 '....')(2, 2, 1)(2, 1, 1)(2, 3, 2)(2, 0, 2)(1, 2, 1)(0, 2, 2)
score=3
('....',
 '.B..',
 '.BB.',
 '.BBB')(2, 2, 1)(2, 1, 1)(3, 2, 1)(3, 1, 2)(1, 1, 2)(3, 3, 2)
score=3
('....',
 '...B',
 '..BB',
 '.BBB')(3, 2, 1)(3, 3, 2)(2, 3, 1)(3, 1, 2)(2, 2, 1)(1, 3, 2)
score=3
('....',
 '..B.',
 '..B.',
 'BBBB')(3, 2, 1)(3, 1, 1)(3, 3, 2)(3, 0, 2)(2, 2, 1)(1, 2, 2)
score=3
('....',
 '...B',
 '...B',
 'BBBB')(3, 2, 1)(3, 1, 1)(2, 3, 1)(3, 0, 2)(3, 3, 2)(1, 3, 2)
score=3
('...B',
 '...B',
 'BBBB',
 '....')(2, 2, 1)(2, 1, 1)(1, 3, 1)(2, 0, 2)(0, 3, 2)(2, 3, 2)
score=3
('..B.',
 '..B.',
 '..B.',
 '.BBB')(3, 2, 1)(3, 3, 2)(1, 2, 1)(3, 1, 2)(2, 2, 1)(0, 2, 2)
score=3
('..B.',
 '.BB.',
 'B.B.',
 '..B.')(2, 2, 1)(3, 2, 2)(2, 0, 2)(1, 2, 1)(1, 1, 1)(0, 2, 2)
score=3
('....',
 '.B..',
 '..B.',
 'BBBB')(2, 2, 1)(3, 2, 1)(1, 1, 2)(3, 1, 1)(3, 0, 2)(3, 3, 2)
score=3
('...B',
 '..B.',
 'BBBB',
 '....')(2, 2, 1)(2, 1, 1)(2, 3, 2)(2, 0, 2)(1, 2, 1)(0, 3, 2)
score=3
('....',
 '...B',
 '..B.',
 'BBBB')(3, 2, 1)(3, 1, 1)(3, 3, 2)(3, 0, 2)(2, 2, 1)(1, 3, 2)
score=3
('B...',
 'BB..',
 'B.B.',
 '...B')(2, 2, 1)(1, 1, 1)(3, 3, 2)(1, 0, 1)(0, 0, 2)(2, 0, 2)
score=3
('B...',
 '.B..',
 '.BB.',
 '.B.B')(2, 2, 1)(2, 1, 1)(3, 3, 2)(1, 1, 1)(0, 0, 2)(3, 1, 2)

limit:7, width:4, height:4
#289000 elapsed:0:22:37.187000, candidates:2791, processed(normalized):265457, avg:0:00:00.004696, lap avg:0:00:00.002039
score=4
('....',
 '.BBB',
 '..B.',
 '.BBB')(2, 2, 1)(3, 2, 1)(1, 1, 2)(3, 3, 2)(1, 2, 1)(1, 3, 2)(3, 1, 2)
score=4
('..B.',
 '.BB.',
 '..B.',
 '.BBB')(2, 2, 1)(3, 2, 1)(1, 1, 2)(3, 3, 2)(1, 2, 1)(3, 1, 2)(0, 2, 2)
score=4
('..B.',
 '..BB',
 '..B.',
 '.BBB')(2, 2, 1)(3, 2, 1)(1, 3, 2)(3, 1, 2)(1, 2, 1)(3, 3, 2)(0, 2, 2)
score=4
('..B.',
 '..B.',
 '..B.',
 'BBBB')(3, 2, 1)(3, 1, 1)(3, 3, 2)(3, 0, 2)(2, 2, 1)(1, 2, 1)(0, 2, 2)
score=4
('....',
 '..B.',
 '.BB.',
 'BBBB')(3, 2, 1)(3, 1, 1)(3, 3, 2)(3, 0, 2)(2, 2, 1)(2, 1, 1)(1, 2, 2)
score=4
('....',
 '...B',
 '..BB',
 'BBBB')(3, 2, 1)(3, 1, 1)(3, 3, 2)(3, 0, 2)(2, 2, 1)(2, 3, 1)(1, 3, 2)
score=4
('..B.',
 '.BB.',
 'BBBB',
 '....')(2, 2, 1)(2, 1, 1)(2, 3, 2)(2, 0, 2)(1, 2, 1)(1, 1, 1)(0, 2, 2)
score=4
('...B',
 '..BB',
 'BBBB',
 '....')(2, 2, 1)(2, 1, 1)(2, 3, 2)(2, 0, 2)(1, 2, 1)(1, 3, 1)(0, 3, 2)
score=4
('...B',
 '...B',
 '...B',
 'BBBB')(3, 2, 1)(3, 1, 1)(1, 3, 1)(3, 0, 2)(3, 3, 2)(2, 3, 1)(0, 3, 2)
score=4
('B...',
 '.B..',
 '.BB.',
 '.BBB')(2, 2, 1)(3, 2, 1)(1, 1, 1)(3, 3, 2)(2, 1, 1)(0, 0, 2)(3, 1, 2)
score=4
('B...',
 '.B..',
 '..B.',
 'BBBB')(2, 2, 1)(3, 2, 1)(1, 1, 1)(3, 3, 2)(0, 0, 2)(3, 1, 1)(3, 0, 2)

limit:5, width:5, height:5
#1701000 elapsed:2:52:28.204000, candidates:12159, processed(normalized):1657962, avg:0:00:00.006083, lap avg:0:00:00.000901

limit:12, width:12, height:1
elapsed: 0:23:41.601000
score=18
('BBBBBBBBBBBB')(0, 6, 1)(0, 8, 1)(0, 7, 2)(0, 0, 2)(0, 10, 1)(0, 5, 1)(0, 4, 2)(0, 3, 1)(0, 9, 2)(0, 2, 2)(0, 1, 1)(0, 11, 2)

